
strategic_region={
	id=135
	name="STRATEGICREGION_135"
	provinces={
		659 689 691 695 703 709 720 751 788 801 827 831 865 870 873 882 926 951 954 971 1441 1445 1506 1523 1527 1534 1560 1564 1582 1595 1604 1621 1655 1760 1849 1881 3685 3699 3766 3823 3829 3853 3872 3917 3925 3941 3975 4029 4166 4402 4437 4442 4449 4452 4508 4527 4531 4540 4569 4590 4601 4627 4738 4834 4854 4988 5205 6696 6710 6713 6737 6769 6782 6846 6850 6855 6874 6890 6958 6971 6974 7420 7449 7466 7528 7547 7551 7558 7588 7607 7611 7626 7646 7776 7829 7831 9450 9653 9654 9657 9678 9682 9684 9724 9727 9746 9747 9760 9775 9779 9796 9808 9810 9825 9923 9931 10233 10303 10333 10339 10341 10343 10370 10391 10393 10412 10439 10441 10448 10457 10461 10516 10526 10586 10599 10717 10727 11589 11621 11635 11637 11641 11656 11669 11685 11714 11731 11738 11760 11776 11791 11841 11873 11888 11890 12305 12312 12346 12357 12361 12365 12368 12437 12456 12463 12497 12568 12637 12697 12709 13155 13199 13200 
	}
	weather={
	}
}
