
strategic_region={
	id=161
	name="STRATEGICREGION_161"
	provinces={
		1446 1524 2132 2150 2153 2164 2167 2168 2175 2178 2185 2190 2218 2227 2228 4570 4617 5107 5115 5151 5153 5168 5172 5174 5182 5194 5204 5208 5218 5220 5223 7476 7561 7589 8129 8140 8143 8148 8177 8179 8184 8190 8196 8197 8210 8226 8227 8233 8242 10345 10392 10419 10926 10931 10933 10939 10945 10946 10967 10980 10984 10989 10998 10999 11002 12334 12422 12479 12903 12909 12913 12923 12933 12938 12947 12959 12961 12977 12987 12996 
	}
	weather={
	}
}
