
strategic_region={
	id=184
	name="STRATEGICREGION_184"
	provinces={
		482 519 529 532 561 563 564 571 586 589 673 692 694 707 708 3299 3397 3423 3474 3500 3524 3530 3541 3558 3561 3571 3574 3679 3688 3690 3692 3705 6421 6444 6488 6524 6540 6542 6549 6555 6568 6581 6583 6594 6693 6712 6725 6934 9416 9486 9497 9515 9517 9524 9545 9557 9572 9575 9652 9655 9666 9681 11404 11417 11435 11445 11470 11486 11494 11497 11499 11529 11533 11544 11547 11560 11620 11638 11640 11653 13116 13126 14286 14287 14328 14329 14330 14331 14377 14378 14379 14386 14401 14409 14417 14424 14439 14459 14460 14466 14467 14468 14478 14484 14485 14494 14495 14502 14511 14512 14513 14530 14531 14532 14533 14534 14550 14557 14573 14574 14575 14584 14585 14600 14602 14603 14604 14610 14611 14623 14652 14662 14663 14664 14665 14666 14677 14678 14682 14683 14684 14715 14716 14729 14730 14731 14732 14733 14734 14746 14747 14748 14758 14787 14788 14789 14790 14797 14806 14807 14830 14836 14856 14857 14858 14868 14893 14913 14914 14915 14916 14935 14944 14945 14956 14957 15004 
	}
	weather={
	}
}
