
strategic_region={
	id=188
	name="STRATEGICREGION_188"
	provinces={
		743 752 755 769 929 943 3598 3740 3749 3751 3754 3771 3915 3946 3948 6618 6621 6759 6762 6766 6773 6775 6777 6789 6792 6915 6917 6931 6960 6962 9710 9717 9723 9734 9737 9751 9853 9882 9884 9898 11565 11697 11699 11702 11709 11718 11720 12169 15319 15326 15354 15360 15361 15376 15387 15397 15398 15410 15416 15417 15418 15440 15456 15493 15508 15509 15510 15531 15551 15552 15569 15582 15589 15595 15610 15614 15627 15638 15639 15640 15641 15646 15647 15677 15684 15689 15698 15719 15738 15739 15740 15744 15752 15753 15754 15755 15799 15800 15806 15807 15808 15809 17325 
	}
	weather={
	}
}
