
strategic_region={
	id=193
	name="STRATEGICREGION_193"
	provinces={
		747 832 950 962 1090 1093 1176 1192 3799 3835 3953 4065 4095 4098 4195 6800 6832 6856 6896 6906 6959 7111 7196 9778 9828 9889 9903 10024 10063 10109 10111 11807 11812 11884 11956 12038 12081 12083 16174 16201 16202 16203 16234 16236 16246 16247 16248 16259 16260 16277 16278 16279 16280 16289 16294 16295 16296 16301 16306 16311 16322 16328 16333 16358 16365 16371 16372 16375 16376 16377 16386 16393 16410 16416 16426 16431 16452 
	}
	weather={
	}
}
