
strategic_region={
	id=203
	name="STRATEGICREGION_203"
	provinces={
		782 910 923 925 963 967 1616 3773 3885 3910 3976 6606 6790 6793 6831 6862 6875 6926 6946 6973 6985 9750 9752 9794 9838 9879 9904 9907 9924 11751 11790 11833 11846 11861 11882 11889 15450 15458 15462 15472 15473 15474 15497 15528 15542 15555 15576 15591 15598 15629 15630 15631 15642 15648 15690 15699 15720 15728 15745 15768 15769 15785 15818 15857 15870 15893 15894 15904 15911 15912 15913 15952 15953 15954 15980 17326 
	}
	weather={
	}
}
