
strategic_region={
	id=214
	name="STRATEGICREGION_214"
	provinces={
		32 37 52 63 66 67 136 139 141 165 169 193 204 3009 3013 3025 3030 3061 3068 3083 3117 3119 3122 3125 3131 3137 3161 3172 3185 6009 6013 6033 6047 6066 6078 6082 6108 6138 6141 6144 6146 6156 6163 6186 6198 6210 9038 9056 9061 9073 9094 9104 9129 9156 9160 9163 9166 9167 9169 9181 9183 9194 9219 11033 11043 11056 11065 11066 11076 11105 11126 11138 11141 11144 11172 11199 11210 11211 13100 13101 13102 13103 13104 13105 13106 13107 13108 13109 13110 13111 13112 13113 13114 13115 
	}
	weather={
	}
}
