
strategic_region={
	id=216
	name="STRATEGICREGION_216"
	provinces={
		83 185 222 265 281 308 310 319 327 341 348 395 496 530 567 592 3074 3152 3174 3194 3255 3272 3288 3296 3298 3319 3320 3337 3354 3384 3388 3525 4640 6099 6178 6201 6222 6229 6281 6296 6314 6322 6332 6342 6360 6376 6381 6407 6408 6459 7482 9079 9221 9240 9246 9262 9274 9275 9295 9317 9340 9357 9374 9404 9438 9483 9485 9499 9501 9731 10323 10493 11057 11127 11222 11226 11246 11265 11291 11302 11312 11342 11358 11426 11443 11498 13127 13417 13418 13422 13423 13426 13428 13435 13446 13447 13451 13457 13459 13464 13473 13477 13479 13483 13489 13491 13492 13499 13507 13517 13520 13524 13528 13532 13555 13556 13560 13561 13568 13569 13582 13587 13590 13593 13597 13598 13604 13613 13619 13620 13622 13629 13633 13637 13638 13653 13654 13657 13658 13659 13662 13663 13664 13668 13669 13677 13689 13694 13696 13697 13703 13704 13719 13726 13727 13728 13739 13749 13752 13756 13757 13766 13767 13768 13777 13783 13791 13808 13813 13814 13816 13822 13847 13855 
	}
	weather={
	}
}
