
strategic_region={
	id=219
	name="STRATEGICREGION_219"
	provinces={
		215 216 233 277 289 294 304 318 323 331 342 358 360 386 406 535 560 3203 3219 3256 3267 3281 3293 3309 3331 3350 3366 3378 3392 3393 3496 3507 3556 3759 6220 6232 6233 6249 6280 6292 6306 6319 6326 6340 6344 6354 6359 6371 6373 6413 6415 6546 6556 6579 9236 9241 9247 9249 9288 9289 9304 9323 9341 9342 9359 9371 9396 9520 9554 11216 11220 11230 11241 11271 11285 11313 11322 11341 11355 11370 11383 11391 11453 11503 11528 13206 13678 13682 13695 13707 13708 13709 13730 13732 13742 13743 13744 13758 13761 13774 13775 13784 13789 13817 13825 13826 13841 13842 13848 13849 13863 13864 13865 13867 13874 13887 13892 13893 13905 13909 13910 13916 13934 13935 13943 13944 13949 13955 13962 13963 13964 13965 13973 13988 13995 13996 14005 14013 14019 14020 14035 14036 14037 14038 14055 14066 14079 14080 14086 14102 14103 14110 14111 14117 14118 14124 14136 14152 14173 14174 14191 14200 14201 14208 14209 14228 14236 14257 14258 
	}
	weather={
	}
}
