
strategic_region={
	id=220
	name="STRATEGICREGION_220"
	provinces={
		409 422 434 438 441 458 462 474 476 488 489 491 504 513 525 536 550 572 574 577 582 741 754 3403 3407 3412 3430 3434 3452 3457 3468 3470 3483 3494 3511 3543 3548 3562 3570 3575 3701 3704 3738 3743 3755 3757 6429 6431 6435 6451 6455 6460 6478 6480 6483 6497 6509 6520 6557 6571 6593 6597 6727 6743 9423 9425 9435 9451 9454 9465 9466 9468 9481 9491 9493 9533 9543 9548 9558 9563 9568 9573 9576 9698 9714 11409 11411 11424 11427 11438 11441 11454 11464 11477 11479 11490 11514 11530 11536 11543 11546 11550 11557 11670 11683 11691 11703 14237 14252 14253 14289 14290 14291 14292 14301 14312 14340 14346 14357 14371 14381 14395 14396 14412 14413 14433 14442 14443 14455 14456 14461 14462 14471 14472 14480 14481 14482 14496 14507 14520 14521 14522 14538 14539 14540 14541 14562 14563 14570 14571 14572 14576 14591 14592 14593 14601 14614 14629 14630 14631 14632 14643 14655 14656 14657 14670 14671 14674 14675 14686 14687 14697 14698 14699 14700 14708 14718 14719 14720 14721 14739 14740 14751 14752 14753 14760 14765 14776 14777 14778 14792 14799 14809 14810 14811 14812 14821 14838 14849 14850 14860 14861 14871 14884 14885 14901 14902 14922 14948 14967 14992 15034 15041 15042 15046 15059 15118 15119 15120 15182 15187 15188 15189 15275 15284 
	}
	weather={
	}
}
