
strategic_region={
	id=221
	name="STRATEGICREGION_221"
	provinces={
		637 646 662 676 693 696 713 727 746 3630 3645 3649 3665 3694 3696 3709 6652 6667 6679 6682 6697 6709 6711 6714 6731 9606 9619 9640 9670 9672 9685 9687 9704 11588 11592 11605 11608 11622 11657 11676 14899 14929 14930 14965 14966 14981 14982 14983 15006 15015 15016 15039 15040 15045 15088 15089 15107 15108 15109 15116 15128 15129 15133 15165 15207 15208 15213 15220 15221 15228 15229 15237 15274 15281 15282 15283 15299 15300 15311 15312 15313 15341 15355 15356 15404 15413 15424 15447 15451 15478 15519 15570 
	}
	weather={
	}
}
