
strategic_region={
	id=222
	name="STRATEGICREGION_222"
	provinces={
		238 418 429 453 463 472 486 501 502 511 522 523 546 547 559 568 570 588 705 721 737 767 3225 3399 3409 3421 3449 3455 3466 3479 3480 3491 3508 3520 3531 3542 3557 3568 3573 3584 3686 3722 3767 6420 6423 6458 6474 6493 6495 6505 6507 6508 6519 6530 6532 6554 6565 6578 6589 6596 6605 6704 6724 6771 6776 9413 9419 9433 9437 9446 9461 9463 9476 9477 9479 9506 9519 9531 9556 9566 9571 9677 9680 9712 9718 9729 11397 11405 11422 11425 11437 11452 11461 11462 11487 11489 11504 11513 11541 11553 11561 11649 11700 11715 14166 14167 14192 14210 14229 14243 14244 14245 14254 14259 14279 14302 14313 14322 14341 14347 14352 14353 14354 14372 14382 14397 14403 14414 14415 14427 14440 14444 14473 14474 14487 14488 14489 14490 14491 14497 14498 14499 14542 14545 14546 14553 14554 14555 14564 14577 14594 14595 14615 14616 14617 14633 14644 14645 14658 14672 14676 14688 14693 14701 14722 14723 14741 14742 14754 14761 14766 14779 14793 14800 14813 14822 14832 14833 14839 14840 14841 14842 14862 14863 14886 14887 14903 14904 14905 14906 14907 14908 14909 14923 14938 14959 14968 15007 15008 15027 15035 15036 15047 15048 15075 15110 15111 15130 15153 15171 15172 15173 15183 15240 15247 15324 15330 15352 15372 15373 15374 15406 15434 15435 15466 
	}
	weather={
	}
}
