
strategic_region={
	id=225
	name="STRATEGICREGION_225"
	provinces={
		208 212 232 257 261 269 275 283 288 300 302 313 314 315 324 328 330 340 343 345 356 367 371 376 380 384 396 397 398 471 3197 3199 3221 3226 3236 3250 3257 3266 3269 3275 3291 3292 3302 3306 3317 3318 3322 3332 3334 3335 3346 3356 3360 3364 3371 3376 3387 3389 3390 6230 6248 6262 6279 6284 6291 6305 6315 6317 6329 6330 6333 6341 6343 6353 6355 6369 6382 6386 6391 6396 6398 6409 6411 9245 9258 9266 9273 9276 9286 9312 9313 9324 9328 9330 9339 9344 9355 9366 9367 9376 9380 9384 9394 9409 9411 9422 11214 11227 11229 11240 11242 11248 11258 11262 11269 11283 11294 11296 11298 11309 11310 11314 11323 11325 11335 11337 11347 11351 11363 11364 11368 11379 11381 11393 11436 13755 13764 13769 13788 13794 13795 13796 13801 13802 13803 13811 13819 13820 13824 13828 13832 13833 13856 13857 13858 13866 13868 13880 13881 13882 13883 13888 13896 13897 13906 13911 13912 13917 13918 13920 13921 13925 13926 13927 13928 13936 13937 13938 13945 13966 13967 13968 13969 13974 13975 13976 13977 13978 13989 13990 13997 13998 13999 14000 14006 14007 14008 14009 14014 14021 14022 14023 14029 14039 14040 14041 14043 14044 14045 14046 14052 14056 14067 14068 14069 14070 14081 14087 14088 14089 14090 14094 14095 14096 14097 14104 14107 14112 14113 14114 14119 14120 14125 14137 14143 14144 14154 14155 14156 14163 14169 14194 14202 
	}
	weather={
	}
}
