
strategic_region={
	id=227
	name="STRATEGICREGION_227"
	provinces={
		657 660 674 687 690 711 723 744 818 3076 3636 3639 3663 3676 3689 3728 3741 6584 6658 6677 6695 6706 6729 6747 6761 9617 9635 9651 9668 9701 9716 11534 11603 11619 11636 11639 11652 11655 11672 11689 14878 14879 14931 14946 14947 15017 15026 15057 15058 15071 15072 15073 15117 15134 15151 15152 15222 15238 15239 15245 15246 15262 15263 15264 15304 15314 15315 15350 15351 15368 15369 15370 15371 15380 15391 15405 15433 15452 15499 15500 15505 15520 15535 15536 15546 15563 15564 15565 15617 
	}
	weather={
	}
}
