
strategic_region={
	id=228
	name="STRATEGICREGION_228"
	provinces={
		326 353 410 413 426 433 437 449 452 457 473 481 483 484 487 498 499 500 509 510 518 520 533 534 544 558 578 579 580 585 618 742 745 757 759 775 3304 3316 3343 3413 3417 3426 3431 3435 3439 3443 3461 3464 3465 3469 3475 3477 3478 3487 3489 3490 3492 3503 3504 3505 3517 3518 3519 3527 3529 3539 3540 3551 3554 3555 3566 3567 3578 3580 3582 3587 3597 3726 3746 3774 3777 3779 6254 6304 6328 6339 6366 6417 6428 6430 6432 6445 6450 6454 6463 6468 6473 6477 6479 6481 6486 6490 6492 6494 6502 6503 6506 6516 6517 6527 6528 6539 6541 6543 6544 6553 6563 6566 6574 6575 6577 6587 6591 6601 6602 6603 6620 6758 6760 6765 6791 6794 6796 9260 9326 9337 9352 9415 9417 9424 9426 9430 9432 9436 9440 9442 9447 9448 9449 9455 9459 9460 9464 9473 9474 9475 9488 9489 9502 9504 9516 9518 9529 9530 9540 9542 9552 9564 9565 9577 9579 9581 9592 9594 9720 9735 9739 9753 11244 11308 11321 11395 11396 11400 11403 11408 11412 11416 11418 11421 11423 11429 11434 11439 11447 11449 11450 11451 11458 11459 11460 11474 11475 11476 11484 11485 11500 11501 11512 11523 11526 11527 11540 11551 11555 11559 11566 11579 11706 11724 11736 14138 14153 14157 14158 14159 14168 14175 14193 14195 14211 14212 14213 14214 14215 14221 14222 14223 14230 14231 14232 14238 14239 14240 14260 14261 14271 14272 14273 14274 14275 14280 14281 14282 14283 14294 14295 14296 14303 14304 14323 14342 14343 14348 14355 14358 14359 14360 14373 14374 14375 14389 14390 14398 14404 14405 14406 14419 14434 14435 14436 14441 14445 14446 14447 14448 14449 14457 14475 14476 14483 14500 14501 14508 14509 14523 14524 14525 14526 14556 14565 14596 14597 14608 14618 14619 14620 14634 14646 14647 14648 14689 14690 14691 14702 14703 14724 14725 14726 14743 14767 14770 14794 14795 14801 14802 14834 14835 14852 14864 14865 14872 14880 14910 14924 14939 14949 14950 14951 14960 14969 14970 14998 14999 15009 15010 15019 15020 15021 15022 15043 15049 15062 15064 15065 15076 15077 15078 15079 15138 15139 15154 15155 15174 15175 15186 15209 15241 15305 
	}
	weather={
	}
}
