
strategic_region={
	id=230
	name="STRATEGICREGION_230"
	provinces={
		702 788 801 822 847 862 865 873 880 891 894 951 1506 3687 3693 3697 3802 3823 3824 3847 3850 3863 3880 3897 3917 3925 3941 3957 3975 4627 6705 6823 6845 6846 6850 6869 6872 6882 6885 6892 6899 6929 6958 6971 6984 7466 7558 7588 7646 9662 9758 9779 9786 9789 9801 9804 9820 9836 9864 9923 9931 10343 10412 10439 10441 11648 11738 11740 11758 11769 11782 11785 11789 11799 11800 11817 11841 11873 11888 11892 11900 12405 
	}
	weather={
	}
}
