
strategic_region={
	id=233
	name="STRATEGICREGION_233"
	provinces={
		736 761 763 917 917 1411 1671 1671 1712 1799 1799 1869 1872 2407 2947 2947 2976 3498 3606 3606 3691 3721 3736 3736 3800 3800 4218 4272 4426 4678 4678 4695 4695 4753 4753 4872 5119 5239 5403 6728 6728 6779 6779 7185 7348 7696 7782 7782 7813 7830 7858 7869 7869 7891 7901 8653 8962 9615 9615 9740 10527 10548 10548 10585 10621 10703 10721 11682 12508 12508 12534 12571 12571 12636 12682 12688 13075 13167 13168 13182 13183 13185 13187 13188 13189 13190 13192 
	}
	weather={
	}
}
