
strategic_region={
	id=237
	name="STRATEGICREGION_237"
	provinces={
		591 596 599 624 665 984 3592 3596 3601 3627 3631 3654 3868 3924 3943 3974 3985 6611 6614 6619 6647 6650 6672 6799 6889 6942 6957 6983 9586 9588 9591 9595 9596 9608 9611 9627 9894 9922 11564 11572 11574 11577 11581 11594 11595 11735 11816 11872 11899 11901 15145 15164 15168 15169 15180 15181 15201 15202 15203 15257 15258 15259 15260 15273 15279 15280 15298 15309 15328 15338 15339 15347 15348 15349 15367 15377 15378 15379 15411 15422 15444 15445 15446 15459 15475 15476 15484 15485 15486 15487 15514 15515 15543 15544 15545 15556 15557 15577 15584 15585 15599 15611 15615 15616 15622 15649 15650 15678 
	}
	weather={
	}
}
