
strategic_region={
	id=247
	name="STRATEGICREGION_247"
	provinces={
		650 650 1555 1555 1568 1568 1596 1596 1624 1624 1639 1639 2149 2158 2161 2169 2179 2179 2199 2199 2215 2215 4573 4573 4602 4602 4643 4643 5118 5121 5152 5159 5159 5169 5173 5173 5184 5191 5201 5201 5209 5209 5215 5215 5219 7550 7621 7621 8161 8161 8176 8192 8192 8194 8198 8198 8215 8215 8218 8218 8222 8229 8229 8251 8251 8913 10375 10375 10390 10390 10402 10402 10418 10418 10935 10953 10961 10961 10964 10964 10981 10981 10992 10992 11005 11005 11009 11021 11022 12306 12306 12321 12349 12349 12351 12351 12364 12379 12379 12394 12394 12409 12409 12494 12920 12942 12946 12946 12952 12954 12970 12982 12982 12984 12984 12998 
	}
	weather={
	}
}
