
strategic_region={
	id=250
	name="STRATEGICREGION_250"
	provinces={
		1498 1511 1526 1540 1652 1773 2133 2157 2177 2186 2191 2201 2205 2205 2219 2219 4630 4645 5125 5138 5138 5170 5175 5183 5183 5197 5207 5211 5211 5225 5225 7453 7567 7567 7579 7608 7623 7623 8130 8134 8152 8155 8165 8165 8186 8186 8200 8206 8209 8220 8220 8228 8243 8247 10473 10925 10925 10927 10927 10937 10949 10950 10958 10969 10971 10983 10997 11011 11016 12323 12904 12906 12906 12910 12912 12918 12924 12926 12948 12962 12976 12990 12993 13131 13133 13169 13170 13171 13172 
	}
	weather={
	}
}
