
strategic_region={
	id=286
	name="STRATEGICREGION_286"
	provinces={
		848 852 898 906 912 959 978 1003 3803 3852 3860 3904 3912 3981 4052 4107 6822 6922 6928 6944 6963 7070 7155 7171 9790 9795 9899 9918 9981 10065 10083 11770 11775 11828 11835 11878 11896 11915 12040 15796 15797 15866 15867 15916 15942 15943 15944 15945 15948 15984 15985 15991 15992 16000 16001 16015 16016 16024 16048 16049 16050 16051 16059 16060 16061 16062 16074 16075 16095 16130 16131 16132 16140 16141 16142 16143 16148 16149 16159 16160 16161 16162 16172 16176 16177 16184 16219 16220 16233 16241 16242 16257 16258 16264 16265 16266 16275 16276 16298 16299 16300 16302 16303 16310 16325 16326 16345 16346 
	}
	weather={
	}
}
