
strategic_region={
	id=399
	name="STRATEGICREGION_399"
	provinces={
		1223 1229 1239 1243 1272 1276 1287 1303 1309 1312 1331 1363 1375 1382 1391 1402 1418 1662 1680 1694 4232 4238 4250 4277 4281 4309 4333 4337 4340 4369 4389 4595 4850 7233 7298 7326 7332 7335 7350 7354 7357 7383 7392 7405 7407 7425 7429 7741 7874 10140 10168 10179 10211 10220 10239 10268 10275 10277 10284 10292 10295 10308 10312 10633 12111 12115 12121 12139 12143 12152 12170 12177 12185 12194 12229 12257 12266 12285 12619 
	}
	weather={
	}
}
