state={
	id=1235
	name="STATE_1235"
	provinces={
		15 74 98 116 142 178 197 3012 3121 3134 3170 6012 6117 6140 6157 6181 6194 9039 9059 9115 9123 9140 9162 9165 9179 9201 9203 9215 9217 11031 11085 11088 11117 11128 11140 11142 11183 11196 13234 13235 13236 13237 13238 13239 13240 13241 13242 13243 13244 13245 13246 13247 13248 13249 13250 13251 13252 13253 13254 13255 13256 13257 13258 13259 13260 13261 13262 13263 13264 13265 13266 13267 
	}
		manpower=100
	state_category = rural
	buildings_max_level_factor=1.000
}
