
state={
	id=1236
	name="STATE_1236"
	provinces={
		3 18 26 36 40 80 86 89 90 92 94 127 134 138 155 157 170 176 2994 2998 3008 3033 3067 3071 3078 3133 3144 3187 3189 6021 6029 6052 6057 6070 6090 6094 6096 6098 6109 6150 6153 6159 6172 6175 9045 9055 9074 9078 9118 9119 9158 9176 9195 9198 9231 11045 11046 11054 11092 11094 11096 11146 11150 11156 11159 11175 11178 11181 11212 13130 13269 13270 13274 13275 13276 13277 13280 13281 13282 13284 13285 13286 13287 13290 13291 13292 13293 13294 13298 13299 13300 13302 13303 13304 13305 13306 13308 13309 13312 13313 13315 13318 13319 13320 13321 13324 13329 13330 13332 13333 13334 13336 13339 13340 13341 13342 13343 13346 13347 13348 13349 13350 13351 13357 
	}
		manpower=100
	state_category = rural
	buildings_max_level_factor=1.000
}
