
state={
	id=1237
	name="STATE_1237"
	provinces={
		57 70 79 104 126 149 152 172 181 3050 3060 3072 3084 3120 3140 3142 3151 6095 6106 6131 6139 6169 6174 6197 9082 9097 9098 9100 9105 9107 9150 9164 9184 9190 9197 9206 11032 11059 11068 11080 11139 11153 11162 11174 11186 13361 13364 13366 13367 13371 13376 13378 13381 13382 13385 13389 13392 13393 13394 13399 13401 13402 13404 13405 13406 13407 13408 13411 13412 13413 13419 13427 13429 13430 13431 13444 13454 13455 13465 
	}
		manpower=100
	state_category = rural
	buildings_max_level_factor=1.000
}
