
state={
	id=1241
	name="STATE_1241"
	provinces={
		85 150 187 226 287 333 344 2999 3101 3143 3176 3215 3235 3321 3323 3344 6022 6122 6203 6245 6264 6303 6346 6367 6400 9046 9144 9242 9256 9265 9287 9333 9343 11084 11154 11224 11250 11272 11315 11326 11349 13467 13478 13494 13503 13505 13511 13512 13513 13527 13530 13538 13546 13547 13548 13552 13559 13564 13565 13570 13572 13580 13583 13584 13588 13592 13600 13605 13608 13612 13615 13616 13617 13623 13630 13640 13649 13650 13665 13671 13684 13685 
	}
		manpower=100
	state_category = rural
	buildings_max_level_factor=1.000
}
