
state={
	id=1251
	name="STATE_1251"
	provinces={
		60 75 81 84 93 106 119 129 160 163 166 174 196 2996 3035 3057 3079 3085 3087 3124 3154 3157 3160 3163 3164 3166 3175 3186 6017 6073 6091 6097 6100 6110 6112 6182 6189 6190 6213 9102 9110 9113 9124 9131 9133 9168 9199 9202 9207 9210 9222 11036 11062 11083 11086 11093 11095 11103 11107 11110 11131 11165 11168 11177 11189 11192 11213 13353 13358 13363 13365 13368 13369 13370 13372 13373 13374 13375 13377 13379 13383 13384 13386 13387 13388 13390 13391 13395 13396 13397 13398 13400 13403 13409 13410 13414 13415 13416 13420 13421 13424 13425 13433 13438 13443 13445 13449 13450 13452 13461 13463 
	}
		manpower=100
	state_category = rural
	buildings_max_level_factor=1.000
}
