
state={
	id=1263
	name="STATE_1263"
	provinces={
		426 449 484 500 509 585 775 3417 3431 3443 3464 3478 3519 3540 3587 3777 3779 6417 6445 6468 6490 6544 6566 9415 9417 9430 9488 9516 9565 9581 11400 11403 11416 11418 11434 11450 11459 11476 11559 14526 14596 14608 14646 14689 14690 14702 14703 14767 14770 14794 14801 14864 14865 14910 14924 14939 14949 14960 14969 14998 14999 15009 15010 15019 15020 15021 15022 15049 15062 15064 15065 15076 15077 15078 15079 15138 15139 15154 15174 15186 
	}
		manpower=100
	state_category = rural
	buildings_max_level_factor=1.000
}
