
state={
	id=333
	name="STATE_333"
	provinces={
		1114 1172 1196 1319 1383 1522 1653 1999 4501 4559 4937 5009 7446 7606 7965 7976 8023 10346 10413 10776 10863 12262 12282 12789 12898 16863 16864 16926 16927 16934 16935 16952 16953 17020 17021 17035 17036 17037 17038 17053 17056 17057 17070 17071 17086 17087 17128 17129 17130 17131 17141 17142 17143 17144 17159 17160 17165 17166 17190 17191 17192 17193 17194 17195 17220 17221 17224 17225 17237 17238 17265 17266 17273 17274 
	}
		manpower=100
	state_category = rural
	buildings_max_level_factor=1.000
}
