
state={
	id=334
	name="STATE_334"
	provinces={
		1367 1395 1918 2030 2067 2091 4925 4999 5048 7240 7256 7294 7988 8026 8104 10132 10726 10841 12141 12274 12705 12724 12767 12819 12837 16567 16630 16631 16665 16666 16667 16668 16674 16675 16682 16683 16692 16693 16700 16701 16723 16724 16727 16728 16752 16754 16755 16756 16757 16758 16766 16767 16783 16788 16789 16792 16794 16795 16798 16799 16823 16824 16848 16854 16855 16879 16880 16881 16882 16887 16888 16924 16925 16947 16948 
	}
		manpower=100
	state_category = rural
	buildings_max_level_factor=1.000
}
