
state={
	id=346
	name="STATE_346"
	provinces={
		1257 1630 1647 1778 1933 1985 2022 2045 2053 3745 4313 4375 4403 5025 5076 5193 6638 7397 7727 7803 7911 7971 8102 9966 10770 10787 10899 10903 12596 12820 12882 16167 16168 16199 16200 16252 16352 16353 16389 16468 16469 16474 16505 16506 16507 16508 16517 16518 16519 16520 16526 16535 16536 16544 16545 16555 16556 16569 16570 16588 16589 16602 16603 16612 16614 16615 
	}
		manpower=100
	state_category = rural
	buildings_max_level_factor=1.000
}
