
state={
	id=352
	name="STATE_352"
	provinces={
		972 1499 1508 1558 1638 1776 1811 1871 3828 3877 3978 4514 4555 4745 4852 6852 7575 7578 7633 7648 7697 7743 7812 9873 9927 10331 10363 10426 10429 10499 10541 10567 10612 10638 11855 11903 12348 12478 12485 12537 12554 12690 13150 13980 14057 14058 14179 14180 14284 14285 14324 14420 14527 14578 14579 14673 14679 14823 14824 14952 15050 15143 15144 15146 15166 15190 15210 15265 15266 15383 15384 15409 15448 15454 15502 15526 15568 15574 15594 15644 15654 15680 15686 15704 15733 15793 15850 15882 15938 15939 15977 15978 
	}
		manpower=100
	state_category = rural
	buildings_max_level_factor=1.000
}
