
state={
	id=1252
	name="STATE_1252"
	provinces={
		72 87 108 140 180 183 186 312 3031 3064 3065 3075 3080 3081 3086 3092 3130 3168 3338 6034 6051 6075 6088 6102 6105 6166 6193 6199 7330 9041 9099 9101 9130 9187 9213 9248 11038 11042 11061 11071 11074 11089 11137 11171 13268 13279 13283 13288 13289 13295 13296 13297 13301 13307 13310 13311 13314 13316 13317 13322 13323 13325 13326 13327 13328 13331 13335 13337 13338 13344 13345 13352 13354 13355 13356 13359 13360 13362 
	}
	history = {
		owner = SOV
		add_core_of = SOV
		}
		manpower=100
	state_category = rural
	buildings_max_level_factor=1.000
}
