
state={
	id=1262
	name="STATE_1262"
	provinces={
		487 498 518 520 533 544 579 3489 3503 3505 3517 3518 3529 3539 3555 3582 6454 6479 6503 6506 6527 6528 6541 6563 6575 6602 9436 9459 9464 9474 9475 9502 9504 9530 9540 11395 11423 11447 11451 11474 11484 11485 11501 11512 11527 11555 14355 14359 14360 14375 14398 14436 14441 14449 14476 14483 14500 14501 14508 14509 14556 14565 14597 14618 14619 14620 14634 14647 14648 14691 14724 14725 14726 14743 14795 14802 14834 14835 14852 14872 14950 
	}
	history = {
		owner = SOV
		add_core_of = SOV
		}
		manpower=100
	state_category = rural
	buildings_max_level_factor=1.000
}
