
state={
	id=229
	name="STATE_229"
	provinces={
		836 846 887 892 916 930 934 945 964 987 1150 1567 1638 3783 3828 3839 3849 3877 3888 3895 3913 3932 3934 3949 3970 4503 4514 4572 4642 6804 6837 6851 6852 6860 6868 6893 6898 6905 6910 6918 6947 6951 6981 7663 9759 9781 9788 9803 9831 9835 9848 9854 9866 9885 9927 11744 11764 11771 11808 11815 11836 11855 
	}
	history = {
		owner = PRC
		add_core_of = PRC
		add_claim_by = CHI

	}
	manpower=1
	buildings_max_level_factor=1.000
	state_category = rural
}
