
state={
	id=321
	name="STATE_321"
	provinces={
		1047 1078 1087 1120 1162 1187 1202 4050 4092 4160 4165 4207 7067 7108 7135 7141 7152 7182 9938 9963 9970 9978 9997 10080 10121 11918 11938 11941 11981 12014 12077 12095 17084 17100 17101 17115 17116 17122 17123 17138 17139 17147 17148 17149 17150 17151 17152 17153 17154 17155 17156 17163 17164 17171 17172 17181 17182 17183 17184 17200 17201 17202 17203 17204 17205 17212 17213 17214 17215 17216 17217 17218 17228 17229 17230 17231 17232 17243 17244 17252 17253 17254 17257 17258 17263 17264 17277 17278 17279 17280 
	}
	manpower=0
	buildings_max_level_factor=1.000
}
