state={
	id=324
	name="STATE_324"
	provinces={
		1006 1094 1138 1166 1193 4053 4070 4113 4169 4196 7027 7071 7099 7131 10010 10012 10042 10054 10069 10084 10093 11986 12057 12084 16943 16944 16960 16961 16971 16972 16987 17001 17002 17007 17008 17011 17014 17015 17047 17048 17049 17050 17051 17052 17054 17055 17068 17078 17079 17080 17081 17088 17089 17090 17091 17096 17097 17110 17111 17124 17125 17136 17137 17173 17174 
	}
	history = {
		owner = PRC
		add_core_of = PRC
		add_core_of = CHI
		}
		manpower=100
	state_category = rural
	buildings_max_level_factor=1.000
}
