
state={
	id=326
	name="STATE_326"

	history={
		owner = PRC
		add_core_of = PRC
		add_core_of = CHI

	}

	provinces={
		1055 1096 1168 1195 4013 4042 4099 7058 7086 7146 7174 7191 9944 9972 9974 10014 10058 10086 10101 11920 11947 11991 12059 16784 16787 16811 16812 16813 16814 16815 16816 16819 16828 16833 16834 16845 16846 16847 16856 16857 16858 16868 16869 16870 16871 16877 16878 16883 16884 16885 16886 16915 16916 16918 16919 16932 16933 16936 16937 16951 16962 16963 
	}
	manpower=100
	buildings_max_level_factor=1.000
	state_category=rural
}
