
state={
	id=330
	name="STATE_330"
	provinces={
		1018 1023 1131 1469 1597 1625 4023 4028 4077 4085 4121 4134 4152 4177 4628 4656 7039 7044 7095 7128 7137 7168 7192 7210 7650 10004 10039 10050 10404 10431 10459 11926 11983 12023 12407 12436 17060 17076 17077 17092 17093 17094 17095 17098 17099 17108 17109 17117 17118 17119 17120 17132 17133 17134 17135 17145 17146 17157 17158 17161 17162 17167 17168 17169 17170 17177 17178 17186 17187 17196 17197 17198 17199 17206 17207 17208 17209 17211 17222 17223 17226 17227 17235 17236 17239 17240 17241 17242 17245 17246 17247 17248 17249 17250 17251 17255 17256 17259 17260 17261 17262 17267 17268 17269 17270 17271 17272 17275 17276 
	}
	manpower=0
	buildings_max_level_factor=1.000
}
