
state={
	id=331
	name="STATE_331"
	provinces={
		1448 1640 4041 4125 4480 4896 5030 7097 7101 7159 7201 7279 7434 7502 7665 9982 9999 10006 10304 10335 10377 10517 10757 10822 12017 12053 12086 12310 12350 12378 12414 12483 13140 13143 16842 16843 16850 16851 16853 16859 16860 16865 16872 16873 16898 16899 16900 16903 16904 16909 16910 16911 16912 16913 16914 16922 16923 16928 16929 16930 16945 16946 16954 16956 16957 16964 16965 16966 16967 16968 16969 16970 16981 16982 16983 16984 16993 16994 16999 17000 17005 17006 17012 17013 17016 17017 17023 17024 17029 17030 17031 17032 17043 17044 17045 17046 17063 17064 17082 17083 
	}
	history = {
		owner = PRC
		add_core_of = PRC
		add_core_of = CHI
		}
		manpower=100
	state_category = rural
	buildings_max_level_factor=1.000
}
