
state={
	id=338
	name="STATE_338"
	provinces={
		1069 1084 1104 1124 1154 1184 1200 4037 4071 4089 4157 4181 4186 4205 7055 7089 7105 7160 7189 9971 9987 10000 10018 10043 10072 10102 10119 11933 11962 11973 12015 12045 12069 12074 12093 16355 16390 16397 16400 16404 16414 16419 16424 16425 16442 16443 16444 16447 16451 16457 16458 16459 16460 16472 16479 16486 16492 16495 16499 16502 16504 16512 16513 16523 16532 16534 16538 16541 16553 16563 16568 
	}
	history = {
		owner = PRC
		add_core_of = PRC
		add_core_of = CHI
		}
		manpower=100
	state_category = rural
	buildings_max_level_factor=1.000
}
