
state={
	id=345
	name="STATE_345"
	provinces={
		1882 2099 4536 4888 4914 4964 7270 7940 7997 8018 8037 10490 10750 10796 10817 10834 10865 11448 12732 12815 12846 12890 12899 13146 16251 16285 16286 16388 16420 16421 16433 16434 16438 16439 16445 16446 16449 16450 16453 16454 16487 16488 16515 16516 16521 16522 16549 16550 16551 16552 16566 16575 16576 16586 16587 16591 16592 16613 16645 16646 
	}
	history = {
		owner = PRC
		add_core_of = PRC
		add_core_of = CHI
		}
		manpower=100
	state_category = rural
	buildings_max_level_factor=1.000
}
