
state={
	id=351
	name="STATE_351"
	provinces={
		828 1489 1551 1608 1796 1959 2087 3427 3742 4222 4495 4525 4612 4783 4960 4986 5031 5057 5100 6988 7048 7158 7511 7545 7631 7674 8055 8127 10372 10424 10451 10629 10724 10854 12327 12331 12403 12448 12609 12706 12750 12776 12797 12880 15396 15491 15525 15537 15604 15653 15766 15792 15840 15929 15930 15961 16036 16046 16138 
	}
	history = {
		owner = PRC
		add_core_of = PRC
		add_core_of = CHI
		}
		manpower=100
	state_category = rural
	buildings_max_level_factor=1.000
}
