
state={
	id=355
	name="STATE_355"
	provinces={
		800 861 927 930 944 946 973 1567 1627 3888 3913 3929 3932 3944 3947 4503 4561 4572 4633 4642 6806 6905 6947 6964 7523 7652 7663 9759 9782 9803 9841 9866 9883 9897 9913 11744 11781 11823 11836 11850 11862 11864 12337 12469 15242 15332 15385 15414 15431 15432 15483 15529 15538 15561 15605 15606 15607 15608 15609 15621 15626 15645 15655 15660 15676 15681 15696 15705 15706 15707 15713 15714 15726 15734 15764 15794 15795 15811 15812 15813 15814 15825 15826 15834 15835 15836 15837 15883 15884 15925 15926 15940 15941 15949 16011 
	}
	history = {
		owner = PRC
		add_core_of = PRC
		add_core_of = CHI
		}
		manpower=100
	state_category = rural
	buildings_max_level_factor=1.000
}
