
state={
	id=356
	name="STATE_356"
	provinces={
		836 846 887 892 916 934 945 964 987 1150 3783 3814 3839 3849 3881 3895 3934 3949 3970 6804 6837 6851 6860 6868 6893 6898 6910 6918 6951 6981 9781 9788 9831 9835 9848 9854 9885 11764 11771 11808 11815 11886 15725 15763 15781 15824 15833 15851 15865 15878 15897 15898 15899 15900 15901 15915 15924 15931 15962 15979 15982 15983 16004 16008 16009 16010 16014 16027 16028 16029 16041 16072 16073 16077 16085 16093 16094 16100 16103 16119 16154 16187 16191 16211 
	}
	history = {
		owner = PRC
		add_core_of = PRC
		add_core_of = CHI
		}
		manpower=100
	state_category = rural
	buildings_max_level_factor=1.000
}
