
state={
	id=557
	name="STATE_557"
	provinces={
		532 561 571 586 673 692 707 708 3299 3474 3541 3571 3688 3705 6421 6540 6594 6693 6725 9416 9515 9557 9572 9652 9666 9681 11404 11417 11497 11529 11544 11620 11638 11653 14460 14468 14484 14485 14512 14513 14532 14533 14534 14574 14575 14585 14600 14662 14663 14664 14665 14666 14715 14716 14732 14733 14734 14747 14748 14787 14788 14789 14790 14807 14836 14857 14858 14868 14893 14915 14916 14944 14945 14956 14957 15004 
	}
	manpower=0
	buildings_max_level_factor=1.000
}
